bank0
0 2845
1 1356
2 198
3 449
4 155
5 1712
6 581
7 2835
8 803
9 613
10 2880
11 1974
12 558
13 931
14 2522
15 2637
16 2197
17 517
18 2220
19 2206
20 2634
21 3200
22 2150
23 3246
24 3143
25 531
26 2217
27 36
28 1094
29 1973
30 1075
31 630
32 3261
33 847
34 1352
35 2745
36 765
37 805
38 943
39 3278
40 2964
41 2236
42 1055
43 1988
44 2842
45 1345
46 1476
47 1819
48 1911
49 1656
50 54
51 683
52 460
53 1392
54 3246
55 645
56 2651
57 3236
58 1574
59 1496
60 164
61 1759
62 2247
63 1972
bank1
0 795
1 31
2 247
3 1290
4 1442
5 2159
6 1378
7 1091
8 231
9 606
10 614
11 2679
12 316
13 1999
14 1990
15 818
16 2668
17 2194
18 1019
19 2233
20 2014
21 1923
22 3192
23 570
24 2718
25 1586
26 3234
27 2145
28 2159
29 2158
30 742
31 2776
32 1165
33 2767
34 837
35 1423
36 2580
37 2149
38 3085
39 497
40 2869
41 137
42 1893
43 2424
44 3280
45 2266
46 3142
47 1510
48 2611
49 2900
50 914
51 3241
52 1164
53 415
54 2512
55 2192
56 727
57 2354
58 242
59 1984
60 2042
61 1679
62 544
63 1573
bank2
0 482
1 2149
2 2825
3 2642
4 664
5 3100
6 111
7 659
8 1806
9 2453
10 1752
11 1858
12 2089
13 1735
14 70
15 987
16 2306
17 1313
18 3280
19 1532
20 2147
21 461
22 2022
23 2330
24 1467
25 658
26 1668
27 1048
28 524
29 1419
30 149
31 2134
32 1687
33 2349
34 3306
35 2761
36 827
37 2765
38 2674
39 2652
40 186
41 3135
42 3262
43 2710
44 1083
45 1842
46 2695
47 1046
48 1616
49 163
50 3015
51 1899
52 2404
53 2513
54 2493
55 3023
56 2063
57 2282
58 1680
59 3241
60 393
61 831
62 744
63 1766
bank3
0 868
1 1896
2 850
3 1604
4 3120
5 1919
6 1989
7 506
8 2104
9 2605
10 533
11 1183
12 2576
13 2034
14 3194
15 3005
16 883
17 2999
18 905
19 777
20 1949
21 1270
22 1591
23 2795
24 1985
25 655
26 2946
27 2825
28 901
29 2334
30 3105
31 2303
32 2857
33 726
34 1066
35 2536
36 1662
37 2564
38 2615
39 1000
40 1378
41 1511
42 2343
43 30
44 772
45 873
46 2057
47 3293
48 1703
49 718
50 493
51 1824
52 1937
53 3097
54 3299
55 636
56 1544
57 295
58 526
59 2217
60 1936
61 1182
62 287
63 1889
