3261
2845
1165
795
1687
482
2857
868
847
1356
2767
31
2349
2149
726
1896
1352
198
837
247
3306
2825
1066
850
2745
449
1423
1290
2761
2642
2536
1604
765
155
2580
1442
827
664
1662
3120
805
1712
2149
2159
2765
3100
2564
1919
943
581
3085
1378
2674
111
2615
1989
3278
2835
497
1091
2652
659
1000
506
2964
803
2869
231
186
1806
1378
2104
2236
613
137
606
3135
2453
1511
2605
1055
2880
1893
614
3262
1752
2343
533
1988
1974
2424
2679
2710
1858
30
1183
2842
558
3280
316
1083
2089
772
2576
1345
931
2266
1999
1842
1735
873
2034
1476
2522
3142
1990
2695
70
2057
3194
1819
2637
1510
818
1046
987
3293
3005
1911
2197
2611
2668
1616
2306
1703
883
1656
517
2900
2194
163
1313
718
2999
54
2220
914
1019
3015
3280
493
905
683
2206
3241
2233
1899
1532
1824
777
460
2634
1164
2014
2404
2147
1937
1949
1392
3200
415
1923
2513
461
3097
1270
3246
2150
2512
3192
2493
2022
3299
1591
645
3246
2192
570
3023
2330
636
2795
2651
3143
727
2718
2063
1467
1544
1985
3236
531
2354
1586
2282
658
295
655
1574
2217
242
3234
1680
1668
526
2946
1496
36
1984
2145
3241
1048
2217
2825
164
1094
2042
2159
393
524
1936
901
1759
1973
1679
2158
831
1419
1182
2334
2247
1075
544
742
744
149
287
3105
1972
630
1573
2776
1766
2134
1889
2303
