bank0
0 1820
1 2358
2 1887
3 2534
4 2463
5 271
6 2644
7 1963
8 517
9 2274
10 1747
11 662
12 437
13 1465
14 2256
15 63
16 768
17 3020
18 3284
19 555
20 2324
21 897
22 2671
23 1908
24 1266
25 2723
26 1061
27 2755
28 3291
29 401
30 2573
31 1703
32 2213
33 1807
34 2759
35 2084
36 8
37 1477
38 2014
39 223
40 1252
41 2851
42 1582
43 1585
44 1506
45 1114
46 537
47 1306
48 2261
49 2278
50 484
51 1962
52 812
53 2568
54 2879
55 3083
56 1689
57 2879
58 3298
59 2134
60 1721
61 3268
62 3307
63 2678
bank1
0 2606
1 1256
2 302
3 1634
4 882
5 2683
6 1384
7 1812
8 1987
9 99
10 1201
11 421
12 2356
13 2146
14 2362
15 3266
16 425
17 1536
18 1013
19 40
20 2629
21 910
22 3087
23 929
24 2112
25 2867
26 755
27 725
28 2244
29 3037
30 218
31 1842
32 2999
33 705
34 1174
35 1184
36 1756
37 560
38 754
39 72
40 2722
41 2707
42 1788
43 452
44 2366
45 3072
46 1630
47 136
48 1918
49 794
50 1542
51 1447
52 1117
53 2581
54 3295
55 2104
56 2535
57 1540
58 175
59 1001
60 2581
61 1897
62 1071
63 1508
bank2
0 675
1 358
2 173
3 2123
4 1892
5 845
6 1050
7 2247
8 1955
9 2529
10 2807
11 3185
12 668
13 220
14 1632
15 1996
16 3259
17 2156
18 428
19 2819
20 2048
21 2530
22 142
23 898
24 1726
25 2321
26 2307
27 272
28 2377
29 212
30 1627
31 554
32 2272
33 3202
34 2186
35 984
36 2909
37 1000
38 980
39 1826
40 782
41 1712
42 1685
43 2683
44 1936
45 2093
46 2748
47 721
48 3324
49 2105
50 1754
51 197
52 506
53 2805
54 2896
55 165
56 696
57 545
58 72
59 3232
60 2151
61 918
62 2189
63 2093
bank3
0 540
1 2717
2 870
3 3174
4 597
5 1155
6 910
7 1405
8 2938
9 2117
10 2798
11 2884
12 1187
13 2495
14 3120
15 2343
16 60
17 2054
18 3080
19 904
20 2293
21 3080
22 2321
23 2761
24 1881
25 256
26 3228
27 1857
28 3281
29 1801
30 2733
31 3101
32 2137
33 2232
34 2883
35 2035
36 1614
37 1310
38 840
39 984
40 1742
41 373
42 1891
43 1550
44 2796
45 722
46 512
47 2880
48 125
49 2003
50 1077
51 1611
52 751
53 26
54 1746
55 2028
56 981
57 2535
58 278
59 2099
60 3011
61 2876
62 3282
63 923
