bank0
0 1
1 33
2 17
3 49
4 9
5 41
6 25
7 57
8 5
9 37
10 21
11 53
12 13
13 45
14 29
15 61
16 3
17 35
18 19
19 51
20 11
21 43
22 27
23 59
24 7
25 39
26 23
27 55
28 15
29 47
30 31
31 63
32 2
33 34
34 18
35 50
36 10
37 42
38 26
39 58
40 6
41 38
42 22
43 54
44 14
45 46
46 30
47 62
48 4
49 36
50 20
51 52
52 12
53 44
54 28
55 60
56 8
57 40
58 24
59 56
60 16
61 48
62 32
63 64
bank1
0 129
1 161
2 145
3 177
4 137
5 169
6 153
7 185
8 133
9 165
10 149
11 181
12 141
13 173
14 157
15 189
16 131
17 163
18 147
19 179
20 139
21 171
22 155
23 187
24 135
25 167
26 151
27 183
28 143
29 175
30 159
31 191
32 130
33 162
34 146
35 178
36 138
37 170
38 154
39 186
40 134
41 166
42 150
43 182
44 142
45 174
46 158
47 190
48 132
49 164
50 148
51 180
52 140
53 172
54 156
55 188
56 136
57 168
58 152
59 184
60 144
61 176
62 160
63 192
bank2
0 65
1 97
2 81
3 113
4 73
5 105
6 89
7 121
8 69
9 101
10 85
11 117
12 77
13 109
14 93
15 125
16 67
17 99
18 83
19 115
20 75
21 107
22 91
23 123
24 71
25 103
26 87
27 119
28 79
29 111
30 95
31 127
32 66
33 98
34 82
35 114
36 74
37 106
38 90
39 122
40 70
41 102
42 86
43 118
44 78
45 110
46 94
47 126
48 68
49 100
50 84
51 116
52 76
53 108
54 92
55 124
56 72
57 104
58 88
59 120
60 80
61 112
62 96
63 128
bank3
0 193
1 225
2 209
3 241
4 201
5 233
6 217
7 249
8 197
9 229
10 213
11 245
12 205
13 237
14 221
15 253
16 195
17 227
18 211
19 243
20 203
21 235
22 219
23 251
24 199
25 231
26 215
27 247
28 207
29 239
30 223
31 255
32 194
33 226
34 210
35 242
36 202
37 234
38 218
39 250
40 198
41 230
42 214
43 246
44 206
45 238
46 222
47 254
48 196
49 228
50 212
51 244
52 204
53 236
54 220
55 252
56 200
57 232
58 216
59 248
60 208
61 240
62 224
63 256
