0
2845
3261
482
1687
198
1352
2825
3306
155
765
664
827
581
943
111
2674
803
2964
1806
186
2880
1055
1752
3262
558
2842
2089
1083
2522
1476
70
2695
2197
1911
2306
1616
2220
54
3280
3015
2634
460
2147
2404
2150
3246
2022
2493
3143
2651
1467
2063
2217
1574
1668
1680
1094
164
524
393
1075
2247
149
744
1356
847
2149
2349
449
2745
2642
2761
1712
805
3100
2765
2835
3278
659
2652
613
2236
2453
3135
1974
1988
1858
2710
931
1345
1735
1842
2637
1819
987
1046
517
1656
1313
163
2206
683
1532
1899
3200
1392
461
2513
3246
645
2330
3023
531
3236
658
2282
36
1496
1048
3241
1973
1759
1419
831
630
1972
2134
1766
795
1165
868
2857
247
837
850
1066
1442
2580
3120
1662
1378
3085
1989
2615
231
2869
2104
1378
614
1893
533
2343
316
3280
2576
772
1990
3142
3194
2057
2668
2611
883
1703
1019
914
905
493
2014
1164
1949
1937
3192
2512
1591
3299
2718
727
1985
1544
3234
242
2946
526
2159
2042
901
1936
742
544
3105
287
31
2767
1896
726
1290
1423
1604
2536
2159
2149
1919
2564
1091
497
506
1000
606
137
2605
1511
2679
2424
1183
30
1999
2266
2034
873
818
1510
3005
3293
2194
2900
2999
718
2233
3241
777
1824
1923
415
1270
3097
570
2192
2795
636
1586
2354
655
295
2145
1984
2825
2217
2158
1679
2334
1182
2776
1573
2303
