-484
-68
-2534
-2164
-1973
-2482
31
-562
2197
-1418
-661
-718
3846
1656
2194
2900
4132
-3694
3560
-460
613
-4422
3935
-3192
-186
-4007
2718
-5931
531
-3422
-1743
-4304
155
-2564
-1887
-4078
-1617
-5853
-4499
-4509
-695
-2869
-1315
-2165
-129
-1937
1923
415
558
-487
316
-49
931
-1984
1999
-4392
1094
-3165
-1170
-1287
-1356
-1570
-4500
-1650
198
-5306
-3082
-2492
-2880
-584
-5368
-1906
-1109
-3275
1019
-2415
2206
-2646
-1096
-88
-449
-2274
-2715
-1436
1974
-1341
-650
-905
2217
-1755
-95
-3087
3365
-1833
2145
-1345
581
-2386
-1951
-244
2835
-51
1091
497
-1179
-83
-137
-817
3246
645
570
-1137
-807
-1853
-1339
-187
-692
-1510
818
1510
-2254
2247
742
3873
-2699
-1357
-553
1573
482
-1642
868
-472
2149
-980
5225
726
-1023
1616
883
-1626
1313
3492
2999
718
-1523
186
-1225
1378
-876
-194
-724
-1818
1467
-1266
1985
1544
658
2282
-2674
3624
-2665
-2502
-209
-4996
-229
-3893
1919
-765
-1182
-925
-1380
1937
461
-816
-2059
-232
-1240
-2246
-4082
772
-1594
-1487
-4624
873
-2805
3722
-5757
1936
-1910
4160
-4324
1182
-504
6635
850
4395
2642
2761
1604
5865
3280
3015
4234
493
1532
5228
4106
1824
-1577
-67
533
2343
-1471
2710
1183
30
-1661
1680
-383
526
1048
3241
-504
2217
111
-655
1989
2615
-2670
2652
506
1000
-1307
2493
1591
3299
2330
3023
-534
3965
70
2695
3194
2057
987
4375
3005
3293
-3180
4073
-224
6945
2134
8424
-1026
5218
